1906
9795
2682
3261
8145
5335
5472
9381
7402
7365
6850
2663
4428
3739
2038
3418
5080
7064
4630
9828
8073
9698
5394
4267
2285
9590
7543
1360
4193
3946
3736
8178
6898
2194
4746
7994
4147
1248
4351
8395
9636
8787
4116
8671
9063
297
3718
4062
9926
3083
3482
6423
7498
1658
2003
696
4359
9139
7528
2231
3783
567
8997
7382
7277
9792
9971
8623
1058
7787
5728
608
246
9283
8222
3019
8010
3600
3118
684
401
4805
4013
2242
7499
6031
8017
3959
8862
5308
9297
9748
3066
3340
4560
7604
9034
8483
2865
5619
2577
8758
581
8768
6123
8297
7417
4664
3003
187
7947
3694
5104
676
3179
3275
6827
5948
2519
4613
984
1277
9225
7749
1951
9374
1657
9005
5418
4175
6881
4916
3220
1949
1266
3917
8834
3858
3549
8446
691
2902
1294
5268
6398
6972
606
3377
1714
4588
3432
3329
1704
9558
880
6183
6988
5754
4790
4188
9308
5779
9202
2639
4331
6235
62
8086
6818
7628
965
3024
2954
284
6946
413
7371
1408
8728
6961
4028
9756
1082
8565
4575
55
1856
1820
6049
6197
2073
1441
4151
975
437
1811
2241
4643
4933
3984
2800
4431
8512
7014
3021
8815
7080
7462
3434
5623
7191
250
9242
4686
3294
4851
5381
32
2703
5626
3364
7944
3259
5995
6038
2774
9051
8636
3379
4405
7228
896
1938
6819
1245
5602
259
930
6636
2117
2147
1396
1796
7697
2660
5511
3110
1207
4283
3613
751
1662
3312
4574
5767
3669
4390
2072
3845
5820
7201
630
3572
5917
866
476
1567
9367
2260
4044
1767
4319
6668
5780
43
4703
1233
4590
8143
2547
9208
6703
3771
2448
1535
4082
1510
6083
1630
385
3463
2613
8226
2514
3919
8428
8322
1558
6551
8702
9740
4026
4976
5101
5867
9039
1379
8949
392
3704
8693
5167
4997
6644
5889
4135
3923
1878
1032
6185
7743
8631
3896
5425
9787
2826
8640
1917
6784
3339
8184
3671
8978
9582
7409
3551
9360
8191
7764
6370
596
1076
8686
7948
1467
736
8270
8587
4964
4145
9773
3926
5187
8190
1269
8969
3933
7214
6708
4252
4861
4092
4397
4343
2121
439
8853
5460
23
7605
7557
7295
3665
1272
8083
552
6965
6209
3015
2129
4748
3603
610
5583
6834
722
3586
3050
5250
5777
1860
4479
3471
1445
6354
279
8527
4379
3954
9731
3273
4380
7274
8633
365
8173
2358
3591
5023
1031
1102
9492
9486
5349
3846
6010
8743
8865
9284
7647
6199
2324
5688
4900
4866
9003
5585
6013
3064
9457
8352
9814
4637
7838
113
7709
202
5819
5656
8002
3077
8891
9271
845
5492
9352
1696
5271
1399
2685
8989
8562
4472
7303
4478
6585
5962
7667
7858
5558
473
6278
6618
262
276
3313
8983
5862
4434
9802
2118
8569
7620
6438
5083
1204
9097
335
6112
9088
2989
8942
3347
1832
1903
6523
8059
1623
2885
8731
9849
2837
2154
1511
9470
7374
343
1428
5160
3414
